4294967279,95
4294967279,94
4294967279,93
4294967279,92
4294967279,91
4294967279,90
4294967279,89
4294967279,87
4294967279,86
4294967279,85
4294967279,84
4294967279,83
4294967279,82
4294967279,81
4294967279,80
4294967279,79
4294967279,78
4294967279,77
4294967279,76
4294967279,75
4294967279,74
4294967279,73
4294967279,72
4294967279,71
4294967279,70
4294967279,69
4294967279,68
4294967279,67
4294967279,66
4294967279,65
4294967279,64
4294967279,63
4294967279,62
4294967279,61
4294967279,60
4294967279,59
4294967279,58
4294967279,57
4294967279,56
4294967279,55
4294967279,54
4294967279,53
4294967279,52
4294967279,51
4294967279,50
4294967279,49
4294967279,48
4294967278,130
4294967278,122
4294967278,116
4294967278,98
4294967278,95
4294967278,92
4294967278,86
4294967278,84
4294967278,76
4294967278,74
4294967278,73
4294967278,70
4294967278,65
4294967278,63
4294967278,59
4294967278,55
4294967278,52
4294967278,49
4294967278,44
4294967278,42
4294967278,38
4294967278,34
4294967278,32
4294967278,31
4294967278,30
4294967278,29
4294967278,28
4294967278,27
4294967278,23
4294967278,274
4294967278,21
4294967278,19
4294967278,18
4294967278,281
4294967278,16
4294967278,15
4294967278,280
4294967278,14
4294967278,13
4294967278,12
4294967278,279
4294967278,11
4294967278,10
4294967278,262
4294967278,9
4294967278,278
4294967278,8
4294967278,7
4294967278,6
4294967278,5
4294967278,174
4294967278,277
4294967278,4
4294967279,132
4294967279,131
4294967279,130
4294967279,129
4294967279,256
4294967279,128
4294967279,127
4294967279,126
4294967279,125
4294967279,124
4294967279,252
4294967279,123
4294967279,247
4294967279,119
4294967279,117
4294967279,115
4294967279,239
4294967279,114
4294967279,113
4294967279,112
4294967279,229
4294967279,109
4294967279,108
4294967279,107
4294967279,223
4294967279,106
4294967279,221
4294967279,105
4294967279,219
4294967279,104
4294967279,103
4294967279,215
4294967279,102
4294967279,101
4294967279,100
4294967279,99
4294967279,98
4294967279,97
4294967279,96
4294967279,174
4294967279,134
4294967279,22
4294967279,290
4294967279,19
4294967279,17
4294967279,14
4294967279,12
4294967279,11
4294967279,9
4294967279,281
4294967279,4
4294967279,231
4294967279,227
4294967279,122
4294967279,251
4294967278,112
4294967279,121
4294967279,373
4294967279,120
4294967278,246
4294967279,246
4294967294,389
4294967294,1425
4294967278,244
4294967279,118
4294967279,245
4294967279,242
4294967279,241
4294967279,240
4294967279,372
4294967279,116
4294967279,238
52,6
52,5
4294967279,237
52,4
52,3
52,2
52,1
4294967278,235
4294967279,236
4294967278,102
4294967279,111
4294967279,233
4294967279,110
4294967278,109
4294967278,229
4294967278,107
4294967278,225
4294967278,215
4294967279,371
4294967278,565
4294967278,99
4294967279,370
50,6
50,5
50,4
50,3
50,2
50,1
4294967279,369
4294967278,564
4294967278,89
4294967279,368
4294967278,85
4294967278,197
4294967278,196
4294967278,195
4294967278,194
4294967278,563
4294967278,80
4294967279,367
4294967278,562
4294967278,78
4294967279,366
4294967278,77
4294967279,365
4294967294,170
4294967294,162
4294967278,561
4294967278,75
4294967279,364
48,5
48,4
48,3
48,2
48,1
4294967279,363
4294967278,560
4294967278,68
4294967279,362
4294967278,67
4294967279,361
4294967278,559
4294967278,66
4294967279,360
4294967278,64
4294967278,176
4294967278,175
4294967278,173
47,6
47,5
4294967278,172
47,4
47,3
47,2
47,1
4294967279,359
4294967278,558
4294967278,57
4294967279,358
4294967278,557
4294967278,54
4294967279,357
4294967279,356
4294967278,556
4294967278,47
4294967294,440
4294967294,114
4294967279,355
4294967278,555
4294967278,46
4294967279,354
4294967279,353
4294967278,554
4294967278,43
4294967278,154
4294967278,153
4294967278,152
45,6
45,5
4294967278,151
45,4
45,3
45,2
45,1
4294967278,150
4294967279,352
4294967278,553
4294967278,36
4294967279,351
4294967278,35
4294967278,147
4294967279,350
4294967278,146
4294967294,387
4294967278,145
4294967278,552
4294967278,33
4294967279,349
4294967278,144
4294967278,142
4294967278,141
4294967278,140
4294967278,551
4294967278,26
4294967278,267
4294967278,17
4294967278,269
4294967278,25
4294967278,137
4294967279,137
4294967279,278
4294967278,550
4294967278,24
4294967278,135
4294967278,22
4294967278,272
4294967279,133
4294967278,133
4294967278,20
4294967279,20
4294967279,289
43,5
43,4
43,3
43,2
43,1
4294967279,273
4294967278,549
4294967279,16
4294967279,348
4294967279,15
4294967279,269
4294967279,13
4294967279,268
4294967278,548
4294967279,267
4294967279,347
4294967279,346
4294967279,7
4294967279,6
4294967279,261
4294967278,547
4294967279,5
4294967278,546
4294967279,345
4294967279,344
4294967279,343
4294967278,545
4294967279,342
41,6
41,5
4294967279,341
41,4
41,3
41,2
41,1
4294967279,340
4294967278,544
4294967278,124
4294967278,253
4294967278,121
4294967278,251
4294967279,339
40,5
4294967278,242
40,4
40,3
40,2
40,1
4294967279,338
4294967278,543
4294967278,114
4294967278,542
4294967278,113
4294967279,337
4294967278,111
4294967278,233
4294967278,108
4294967278,227
4294967278,222
4294967278,224
4294967278,105
4294967278,221
4294967294,390
